43 64 41124767
11 15 14 13 1 9 10 4 3 6 2 12 7 5 8 0
42 42 877023
4 5 7 2 9 14 12 13 0 3 6 11 8 1 15 10
92 57 1101072541
3 2 7 9 0 15 12 4 6 11 5 14 8 13 10 1
10 59 198758703
13 11 8 9 0 15 7 10 4 3 6 14 5 12 2 1
66 61 1957191378
11 6 14 12 3 5 1 15 8 0 10 13 9 7 4 2
51 56 26622863 
10 2 8 4 15 0 1 14 11 13 3 6 9 7 5 12
2 55 15300442
13 5 4 10 9 12 8 14 2 3 7 1 0 15 11 6
71 44 8885972
5 7 0 11 12 1 9 10 15 6 2 3 8 4 13 14
16 42 17984051
1 3 2 5 10 9 15 6 8 14 13 11 12 4 7 0
79 42 540860
0 1 9 7 11 13 5 3 14 12 4 2 8 6 10 15
74 56 1897728
14 13 4 11 15 8 6 9 0 7 3 1 2 10 12 5
11 57 150346072
5 9 13 14 6 3 7 12 10 8 4 0 15 2 11 1
56 55 1199487996
3 15 2 5 11 6 4 7 12 9 1 0 13 14 10 8
57 50 8841527
5 11 6 9 4 13 12 0 8 2 15 10 1 7 3 14
73 49 3222276
6 14 10 5 15 8 7 1 3 4 2 0 12 9 11 13
